function robot = iiwa14()

	robot.NB = 8;
	robot.parent = [0 1 2 3 4 5 6 7 ];
	robot.jtype = {'Fb', 'Rz', 'Rz', 'Rz', 'Rz', 'Rz', 'Rz', 'Rz'};

	robot.Xtree{2} = [1 0 0 0 0 0;
		0 1 0 0 0 0;
		0 0 1 0 0 0;
		0 0.157500000000000 0 1 0 0;
		-0.157500000000000 0 0 0 1 0;
		0 0 0 0 0 1];

	robot.I{2} = [0.20912799999999998 0.0 0.0 0.0 -0.6911999999999999 -0.17279999999999998;
		0.0 0.198944 -0.0002640000000000038 0.6911999999999999 0.0 0.0;
		0.0 -0.0002640000000000038 0.022684000000000003 0.17279999999999998 0.0 0.0;
		0.0 0.6911999999999999 0.17279999999999998 5.76 0.0 0.0;
		-0.6911999999999999 0.0 0.0 0.0 5.76 0.0;
		-0.17279999999999998 0.0 0.0 0.0 0.0 5.76];

	robot.Xtree{3} = [-1.00000000000000 1.22464679914735e-16 0 0 0 0;
		4.68864440245664e-32 3.82856869892695e-16 1.00000000000000 0 0 0;
		1.22464679914735e-16 1.00000000000000 -3.82856869892695e-16 0 0 0;
		-2.47990976827339e-17 -0.202500000000000 0 -1.00000000000000 1.22464679914735e-16 0;
		-7.75285161532707e-17 9.49450491497469e-33 0 4.68864440245664e-32 3.82856869892695e-16 1.00000000000000;
		-0.202500000000000 2.47990976827339e-17 0 1.22464679914735e-16 1.00000000000000 -3.82856869892695e-16];

	robot.I{3} = [0.09710574999999999 -1.2394999999999979e-05 -9.99999999998127e-09 0.0 -0.2667 0.37465;
		-1.2394999999999979e-05 0.052801971499999996 -3.529999999999853e-05 0.2667 0.0 -0.0019049999999999998;
		-9.999999999994822e-09 -3.5300000000001996e-05 0.0552049215 -0.37465 0.0019049999999999998 0.0;
		0.0 0.2667 -0.37465 6.35 0.0 0.0;
		-0.2667 0.0 0.0019049999999999998 0.0 6.35 0.0;
		0.37465 -0.0019049999999999998 0.0 0.0 0.0 6.35];

	robot.Xtree{4} = [-1.00000000000000 1.22464679914735e-16 0 0 0 0;
		4.68864440245664e-32 3.82856869892695e-16 1.00000000000000 0 0 0;
		1.22464679914735e-16 1.00000000000000 -3.82856869892695e-16 0 0 0;
		0 0 0.204500000000000 -1.00000000000000 1.22464679914735e-16 0;
		0.204500000000000 0 -9.58827780302382e-33 4.68864440245664e-32 3.82856869892695e-16 1.00000000000000;
		-7.82942298930561e-17 0 -2.50440270425634e-17 1.22464679914735e-16 1.00000000000000 -3.82856869892695e-16];

	robot.I{4} = [0.1496 0.0 0.0 0.0 -0.455 0.105;
		0.0 0.14215 0.0003499999999999996 0.455 0.0 0.0;
		0.0 0.0003499999999999996 0.01395 -0.105 0.0 0.0;
		0.0 0.455 -0.105 3.5 0.0 0.0;
		-0.455 0.0 0.0 0.0 3.5 0.0;
		0.105 0.0 0.0 0.0 0.0 3.5];

	robot.Xtree{5} = [1 0 0 0 0 0;
		0 -3.82856869892695e-16 1.00000000000000 0 0 0;
		0 -1.00000000000000 -3.82856869892695e-16 0 0 0;
		0 0.215500000000000 0 1 0 0;
		8.25056554618758e-17 0 0 0 -3.82856869892695e-16 1.00000000000000;
		0.215500000000000 0 0 0 -1.00000000000000 -3.82856869892695e-16];

	robot.I{5} = [0.056557500000000004 0.0 0.0 0.0 -0.11900000000000001 0.23450000000000001;
		0.0 0.024496 2.6999999999999247e-05 0.11900000000000001 0.0 0.0;
		0.0 2.6999999999999247e-05 0.0374215 -0.23450000000000001 0.0 0.0;
		0.0 0.11900000000000001 -0.23450000000000001 3.5 0.0 0.0;
		-0.11900000000000001 0.0 0.0 0.0 3.5 0.0;
		0.23450000000000001 0.0 0.0 0.0 0.0 3.5];

	robot.Xtree{6} = [-1.00000000000000 0 -1.22464679914735e-16 0 0 0;
		-1.22464679914735e-16 -3.82856869892695e-16 1.00000000000000 0 0 0;
		-4.68864440245664e-32 1.00000000000000 3.82856869892695e-16 0 0 0;
		-2.25947334442687e-17 0 0.184500000000000 -1.00000000000000 0 -1.22464679914735e-16;
		0.184500000000000 0 2.25947334442687e-17 -1.22464679914735e-16 -3.82856869892695e-16 1.00000000000000;
		7.06370924952022e-17 0 8.65054892253249e-33 -4.68864440245664e-32 1.00000000000000 3.82856869892695e-16];

	robot.I{6} = [0.0535595 -3.5000000000000173e-07 3.9999999999999617e-07 0.0 -0.266 0.07350000000000001;
		-3.500000000000009e-07 0.049132035000000004 0.0 0.266 0.0 -0.00035;
		3.9999999999999956e-07 0.0 0.0075435350000000005 -0.07350000000000001 0.00035 0.0;
		0.0 0.266 -0.07350000000000001 3.5 0.0 0.0;
		-0.266 0.0 0.00035 0.0 3.5 0.0;
		0.07350000000000001 -0.00035 0.0 0.0 0.0 3.5];

	robot.Xtree{7} = [1 0 0 0 0 0;
		0 -3.82856869892695e-16 1.00000000000000 0 0 0;
		0 -1.00000000000000 -3.82856869892695e-16 0 0 0;
		0 0.215500000000000 0 1 0 0;
		8.25056554618758e-17 0 0 0 -3.82856869892695e-16 1.00000000000000;
		0.215500000000000 0 0 0 -1.00000000000000 -3.82856869892695e-16];

	robot.I{7} = [0.004900936 0.0 0.0 0.0 -0.00072 0.00108;
		0.0 0.004700288 -4.32e-07 0.00072 0.0 0.0;
		0.0 -4.32e-07 0.0036006479999999997 -0.00108 0.0 0.0;
		0.0 0.00072 -0.00108 1.8 0.0 0.0;
		-0.00072 0.0 0.0 0.0 1.8 0.0;
		0.00108 0.0 0.0 0.0 0.0 1.8];

	robot.Xtree{8} = [-1.00000000000000 0 -1.22464679914735e-16 0 0 0;
		-1.22464679914735e-16 -3.82856869892695e-16 1.00000000000000 0 0 0;
		-4.68864440245664e-32 1.00000000000000 3.82856869892695e-16 0 0 0;
		-9.91963907309356e-18 0 0.0810000000000000 -1.00000000000000 0 -1.22464679914735e-16;
		0.0810000000000000 0 9.91963907309356e-18 -1.22464679914735e-16 -3.82856869892695e-16 1.00000000000000;
		3.10114064613083e-17 0 3.79780196598987e-33 -4.68864440245664e-32 1.00000000000000 3.82856869892695e-16];

	robot.I{8} = [0.00598 0.0 0.0 0.0 -0.024 0.0;
		0.0 0.00598 0.0 0.024 0.0 0.0;
		0.0 0.0 0.005 0.0 0.0 0.0;
		0.0 0.024 0.0 1.2 0.0 0.0;
		-0.024 0.0 0.0 0.0 1.2 0.0;
		0.0 0.0 0.0 0.0 0.0 1.2];

	robot.Xtree{1} = eye(6);

	robot.I{1} = [0.07450000000000001 0.0 0.035 0.0 -0.35000000000000003 0.0;
		0.0 0.1345 0.0 0.35000000000000003 0.0 0.5;
		0.035 0.0 0.08 0.0 -0.5 0.0;
		0.0 0.35000000000000003 0.0 5.0 0.0 0.0;
		-0.35000000000000003 0.0 -0.5 0.0 5.0 0.0;
		0.0 0.5 0.0 0.0 0.0 5.0];

